61402733
244297772
769033350
25616144
779180540
47843203
769472163
903665394
931867968
351616742
514390143
859887598
40004741
170161894
175041299
212852547
945464452
58740581
961280721
824702720
951783540
38562553
39151038
460047362
170175833
52481403
32241591
809948766
951107310
55043907
35215649
952954232
179007197
656904364
224683561
758870547
30804796
45461790
122977949
27970814
857380172
778890355
232620211
123498805
175041273
169894487
232346165
52068086
758008788
809949446
58565985
64690812
811783764
33814121
743364037
316119053
71800314
894928967
169985060
174058946
319550600
170018999
169980894
175041284
47302629
170155568
222468150
940474287
936749361
884702264
876715514
611623307
79598924
51200018
28622242
903480357
914460698
225546156
910831686
954161800
954149914
30264965
534622440
170156471
316009426
52578160
53438549
849875304
872047740
948968116
885328889
956951450
232648062
931781758
422697127
234774514
948174884
223292702
69184284
69196721
33442402
862706377
825559470
269437856
679418839
952385065
317880206
368005583
15411288
49969963
170198351
491319880
753012939
809959837
224683537
33511089
47416273
47499832
22827373
14968476
54926348
11128100
32085319
914707582
586382520
882067026
603863565
664798215
758376101
898408791
28677341
891023445
60393456
311823095
967748528
931498490
51039124
47189587
47335887
54723720
45597064
773565620
47346027
45872640
54493399
920359489
51332970
22591353
912234428
587124319
79287258
47431437
122994458
226814917
727033273
56599963
428017667
166445207
54564679
45461905
30902639
964679544
70233687
913193394
871234339
937368488
897516799
54454099
170227368
884525118
28332940
43387465
27971441
49824238
76888877
60789711
856899841
47423458
229347499
244248246
169588282
170092068
169987298
422697049
905838125
892331138
933209260
53324113
49572380
664655037
169469553
779621267
62396969
170234376
871186594
234391748
858655710
884228008
606587814
951608904
54919618
917034626
456104307
663382852
84611877
913873227
925436073
464739221
35215651
868537997
311848685
969904731
679522934
653085084
856900433
133164757
137341115
917918017
33625835
84395182
122923672
501752097
170032507
47308843
657601349
82456339
50288323
47489481
335474727
811356478
695935084
959703339
65449683
222348819
32335242
847546890
952098527
38727122
42808745
170136231
50850626
54923576
55043909
788214585
223728818
262695588
50473377
811560593
864626117
319567521
809948768
55082808
957708663
502546870
316005760
919393661
276808857
939387139
55043906
33799140
419654464
170216063
968945305
965744062
865164476
21037660
47336934
71315429
68813261
123016270
263436264
900198146
892569517
166633739
54651309
305409135
55661455
876547811
74818379
33528821
170886352
47465550
123068698
809005566
55043903
816351382
276811086
47060979
908400368
167763920
62548126
856898696
809942115
76931186
47505827
809942116
47448480
47308033
52582201
23468662
862056138
796938823
811052221
28613496
870178839
428107865
52872314
830275211
39634370
83227560
45753974
59011871
222031817
170199660
225224325
810112685
60122939
247858521
793843481
744575820
744588722
744605840
744601807
744660493
744634289
744906685
744932704
744961946
45768653
192075874
657605244
27684870
60400783
166447016
83750323
920015173
879852175
927815266
862379584
222448753
834047112
39256520
233137516
50084270
968313951
883614597
933209201
794596751
546180171
900651559
46443671
908014564
39912165
45461679
884811277
55059636
31488492
936552666
936552131
456524772
259743134
708356361
907316221
674678320
907316576
713924350
822876563
44112963
176054681
46911550
76903988
50298796
274812418
122925383
922991552
311058953
123905289
166699235
882066954
65422429
33680891
34012051
822875304
170154919
820020240
883613255
30125952
320781442
422696204
54923675
40629102
811560605
957079817
311845128
846779185
244563490
35215643
170081459
707962422
429020038
169959872
41896991
46763454
39958449
55043904
913412692
887838967
222503335
47395438
54735317
71837171
39657069
47986056
244568360
905912195
62277215
54636002
948967662
276812723
612074379
45461884
226257933
222471662
62398061
40803858
953119123
950399273
693756030
44171149
944265359
47345272
43906181
222472551
712674831
54783423
122705734
224719727
610095451
261114958
702546246
639160891
707097331
34124762
122880717
60823817
65472750
743388518
71779850
457132284
54718464
932117624
828853183
54735300
74323665
122404817
47335912
182754751
182752004
37801084
931870437
654301458
951209772
768731297
80017198
182757137
259234188
225463317
82087447
915058741
54724578
83997763
907215835
51525407
55860092
588440998
233990526
551506495
893103699
858627186
631200485
708330746
76877030
166632161
910077473
831328951
727707633
55043910
55661454
170178711
775944052
609890669
27170760
27736271
721834690
41160044
57597047
910165872
708356273
31688129
47210818
886405234
55661456
808044045
42767168
666919508
47329255
122896890
55043905
59440330
37284040
712230840
612041590
53110912
803529429
911182834
42648260
437279842
437034578
72463542
535321274
432746252
34970055
170016294
11195452
33622000
291125493
890112861
25838564
23317860
48491506
947795359
39113343
57665853
169956468
55043908
42272832
224683525
907628373
11234496
34233730
29542885
708358747
854551166
124509213
794112657
858862240
61402722
234137347
650211053
936298587
794032830
436631431
29353447
953393927
933761506
719583567
170013411
429982560
83292796
55059651
708354821
927285350
52157535
80226393
31809790
45158487
866571384
660202093
854551698
867498180
70172197
166688746
491337747
45461770
170027073
122815171
809959838
170091406
947279684
952097209
227284029
692284464
232344384
907292634
857380831
935894635
38252786
54588887
56037779
30663829
123057441
45470910
31126121
76919442
231726683
928280919
239851059
844609703
904237045
913193786
30930949
54483703
54588099
56118475
946051419
706833989
48617044
61187049
959203934
682211837
632338898
55605620
56055775
47412718
224683469
952639926
224901582
55753391
318535962
399893099
702386628
43941501
30765167
47303871
49978665
317395567
897708819
48205537
730928276
738366252
38916237
225380789
85508552
247844923
47335010
660187875
917133255
228116878
27170197
170015737
859200218
222472601
122749168
868538264
222472635
882067779
922039836
123498807
407077339
639349482
944008510
54630657
36984978
54623148
123498870
804891054
175041291
918990717
962738638
82675937
45597156
931773444
233573605
705870873
44278802
399599836
46316364
47837194
809496618
262585762
642816340
294936750
409135066
462798332
828853103
66900143
54592540
169945815
169948911
50939843
53898273
226817030
889688864
224702069
705867548
45461740
70217616
41186866
47537408
122710798
47836933
754709376
45334030
222828770
47837213
69667398
864826806
168417176
939387473
318424437
738369183
798057492
818658972
913888612
886394873
170107298
48956332
268675594
268675596
771876312
794175030
768083251
62200620
35276997
430050442
430055363
430056206
430057159
820688485
729343165
946815078
809007171
888952273
47447045
47198713
885174975
681487536
76921226
68046867
54640939
811561131
915330685
889703288
933498584
650208009
820016586
708330672
68048715
502606297
864826803
326531791
43948235
137243417
745972701
914161567
62094354
222084272
36349378
38248670
191869706
222467886
534622287
54535334
170065532
428016018
54630352
953116383
962765004
317922860
25553892
614853379
858801755
224752829
169916219
47548124
180196189
914460549
44470700
167484158
937368818
35149119
351551695
36537574
34443516
49660781
892038966
82286944
768341433
170069759
170096779
269440375
64553550
178991591
387835341
53922023
54640337
889270260
878082361
230938355
71809301
225832882
794601732
47275597
48634767
805948236
19600213
834620797
912294796
416491703
820745504
641666275
908016157
855295071
51006477
76930989
36132371
247843067
123453812
945893237
51457986
858801746
953048847
166694156
954148469
957459305
228119470
937370003
897709337
44163977
55661457
230466342
47417433
49940974
167580301
54583327
65472755
57398235
271583290
39388173
167767470
911136733
864825826
298306508
871254396
871254517
885339826
43692041
47418438
875390632
33564623
170192566
25467327
884740490
904808403
37592433
794602370
351551702
47454695
949788545
35215646
785898280
534643376
54577014
232344519
47612671
419647523
54004614
166667727
51327326
952385262
756941790
895857635
679731945
663378323
45330931
61120776
170105509
681484203
437309972
318997789
81148204
31017757
123902533
681484556
81842087
55661459
931868263
923729150
954203295
864423292
954340773
957558997
914160691
47519030
226045607
351619552
886416207
123498804
170383045
912233519